p edge 25 77
19   9
19   11
19   16
19   22
19   3
19   4
19   5
19   23
9   11
9   23
16   22
16   23
22   4
22   5
22   23
21   7
21   4
21   15
17   21
17   7
17   4
17   15
7   15
1   4
1   15
1   20
1   13
2   21
2   17
2   7
2   4
2   15
6   25
6   4
6   15
6   23
6   20
6   14
3   4
4   9
4   11
4   7
4   25
4   14
4   18
15   25
15   4
15   23
15   14
5   4
10   19
10   4
10   18
23   11
23   25
23   3
23   4
23   5
23   18
23   8
12   9
12   4
12   23
20   25
20   4
20   15
20   23
20   14
14   25
14   23
18   19
8   9
13   4
13   15
13   20
24   23
24   18