p edge 51 124
26   27
26   41
26   16
26   31
51   14
51   16
8   15
23   19
23   27
12   38
12   13
35   27
39   8
39   48
39   15
39   46
39   5
28   26
28   13
28   3
28   34
28   41
28   4
28   43
11   27
11   20
38   13
38   45
17   27
29   35
29   11
36   28
36   49
49   28
13   26
19   47
19   40
1   44
44   38
27   28
27   29
27   10
32   34
25   34
42   30
22   28
22   36
22   49
6   27
6   43
50   27
50   6
50   2
50   43
48   8
48   15
48   5
2   27
2   6
2   43
15   45
15   43
37   8
37   39
37   48
37   15
37   46
37   5
46   8
46   48
46   15
46   5
45   26
45   12
45   1
45   44
45   31
20   27
20   6
20   50
20   2
20   43
34   16
21   28
21   36
21   49
21   22
7   8
7   9
9   8
14   16
24   31
24   33
41   27
41   10
16   12
16   28
16   38
16   13
16   44
16   45
4   23
4   16
43   27
43   45
43   34
43   16
40   47
31   28
31   13
31   44
31   42
31   30
31   3
31   34
31   16
31   4
31   43
31   33
5   8
5   15
18   45
18   16
18   4